2024_05_26_18_11_23_0 [4.5783E-41, -1.44185557E17, 4.5783E-41, 4.5783E-41, -1.44185557E17, 4.5783E-41]
2024_05_26_18_11_24_1 [-0.37500006, -1.2249997, 0.15204997, 5.5357127E-6, -1.1609792E-7, 2.746798E-12]
2024_05_26_18_11_25_2 [-0.37500006, -1.2249997, 0.15204997, 7.952563E-6, -1.6890952E-7, 4.1547573E-12]
2024_05_26_18_11_27_3 [-0.37500006, -1.2249997, 0.15204997, 1.0371639E-5, -2.2207412E-7, 5.6940078E-12]
2024_05_26_18_11_28_4 [-0.37500018, -1.2249997, 0.15204997, 1.3599302E-5, -2.9453247E-7, 7.970439E-12]
2024_05_26_18_11_29_5 [-0.37500054, -1.2249997, 0.15204997, 1.7263557E-5, -3.708888E-7, 1.09706254E-11]
2024_05_26_18_11_31_6 [-0.37500086, -1.2249997, 0.15204997, 2.1364403E-5, -4.2204613E-7, 1.4690416E-11]
2024_05_26_18_11_32_7 [-0.37500128, -1.2250006, 0.15204997, 2.596124E-5, -4.7167163E-7, 2.0202251E-11]
2024_05_26_18_11_34_8 [-0.37500185, -1.2250019, 0.15204997, 3.15367E-5, -5.176983E-7, 2.7831116E-11]
2024_05_26_18_11_35_9 [-0.375002, -1.225003, 0.15204997, 3.6501075E-5, -5.3558557E-7, 3.4392326E-11]
2024_05_26_18_11_36_10 [-0.37500182, -1.2250042, 0.15204997, 4.1786214E-5, -5.6023214E-7, 3.8094517E-11]
2024_05_26_18_11_38_11 [-0.37500125, -1.2250055, 0.15204997, 4.8149475E-5, -5.690059E-7, 3.1785085E-11]
2024_05_26_18_11_39_12 [-0.3750009, -1.225006, 0.15204997, 5.272033E-5, -6.150155E-7, 1.2231039E-11]
2024_05_26_18_11_40_13 [-0.3750009, -1.225006, 0.15204997, 5.4378343E-5, -7.33978E-7, -9.941511E-12]
2024_05_26_18_11_42_14 [-0.3750009, -1.225006, 0.15204997, 5.406204E-5, -9.043908E-7, -3.1702134E-11]
2024_05_26_18_11_43_15 [-0.37895304, -1.2406261, 0.15192445, 0.05554762, 0.02708307, -0.04985484]
2024_05_26_18_11_44_16 [-0.3834793, -1.2784027, 0.15204448, 0.30777425, -0.027638882, -0.18074872]
2024_05_26_18_11_46_17 [-0.38865203, -1.3215759, 0.15204987, 0.58628166, -0.12719662, -0.3089728]
2024_05_26_18_11_47_18 [-0.39317816, -1.3593524, 0.15204996, 0.8225242, -0.23997428, -0.39654613]
2024_05_26_18_11_49_19 [-0.3977043, -1.3971289, 0.15199861, 1.0566636, -0.36969146, -0.45679563]
2024_05_26_18_11_50_20 [-0.40287694, -1.4403021, 0.15204859, 1.3324406, -0.5295606, -0.48586038]
2024_05_26_18_11_52_21 [-0.40740252, -1.4780787, 0.15204987, 1.5950629, -0.6706153, -0.46756583]
2024_05_26_18_11_53_22 [-0.411928, -1.5158553, 0.15199856, 1.8961245, -0.8019684, -0.39507794]
2024_05_26_18_11_54_23 [-0.41580695, -1.5482352, 0.15204647, 2.2005029, -0.8958503, -0.27769127]
2024_05_26_18_11_56_24 [-0.42033243, -1.5860118, 0.15204982, 2.6188807, -0.96643835, -0.071039446]
2024_05_26_18_11_57_25 [-0.42485785, -1.6237885, 0.15204991, 3.0791423, -0.97768646, 0.18032962]
2024_05_26_18_11_59_26 [-0.43002945, -1.6669617, 0.15204991, -2.7078388, -0.914232, 0.43587127]
2024_05_26_18_12_00_27 [-0.43520063, -1.7101349, 0.15204994, -2.2969975, -0.7918737, 0.5978818]
2024_05_26_18_12_02_28 [-0.43972546, -1.7479115, 0.15204996, -1.9998695, -0.65924305, 0.6653208]
2024_05_26_18_12_03_29 [-0.44424972, -1.785688, 0.1518048, -1.7395326, -0.5178968, 0.67981136]
2024_05_26_18_12_04_30 [-0.44877392, -1.8234646, 0.1520392, -1.4985145, -0.37797168, 0.6538981]
2024_05_26_18_12_06_31 [-0.45394436, -1.8666378, 0.1520497, -1.230818, -0.22999185, 0.58474886]
2024_05_26_18_12_07_32 [-0.45782217, -1.8990177, 0.15204993, -1.0283172, -0.13344894, 0.5094162]
2024_05_26_18_12_09_33 [-0.46234632, -1.9367943, 0.15204996, -0.7856962, -0.042706616, 0.3999151]
2024_05_26_18_12_10_34 [-0.46751738, -1.9799675, 0.15204994, -0.49856472, 0.02471354, 0.25259054]
2024_05_26_18_12_12_35 [-0.47204152, -2.017744, 0.15204996, -0.24126756, 0.046821877, 0.11237663]
2024_05_26_18_12_13_36 [-0.47721195, -2.0609174, 0.15202887, 0.05318315, 0.027445558, -0.048561614]
2024_05_26_18_12_15_37 [-0.4817361, -2.0986943, 0.1520491, 0.3054913, -0.026960026, -0.1795844]
2024_05_26_18_12_16_38 [-0.4856139, -2.1310763, 0.15204999, 0.5154415, -0.098126285, -0.27849165]
2024_05_26_18_12_17_39 [-0.49013805, -2.1688552, 0.15204996, 0.7533838, -0.20460133, -0.37335685]
2024_05_26_18_12_19_40 [-0.4953085, -2.2120316, 0.15204999, 1.0209612, -0.34910145, -0.44954878]
2024_05_26_18_12_20_41 [-0.49918622, -2.2444139, 0.15201709, 1.2248735, -0.46746528, -0.48029584]
2024_05_26_18_12_22_42 [-0.50370973, -2.282193, 0.15204851, 1.4766111, -0.6093167, -0.48134738]
2024_05_26_18_12_23_43 [-0.5082332, -2.3199723, 0.15204993, 1.7583429, -0.7464204, -0.43449908]
2024_05_26_18_12_24_44 [-0.5127567, -2.3577514, 0.15205, 2.0902472, -0.866216, -0.3244278]
2024_05_26_18_12_25_45 [-0.5166339, -2.3901336, 0.1520499, 2.4279144, -0.9418595, -0.17001358]
2024_05_26_18_12_27_46 [-0.5211573, -2.427913, 0.15185383, 2.8763397, -0.9807329, 0.06878878]
2024_05_26_18_12_28_47 [-0.525034, -2.4602952, 0.15203641, -3.013846, -0.96307015, 0.28264117]
2024_05_26_18_12_30_48 [-0.5302029, -2.5034714, 0.15204957, -2.546677, -0.874485, 0.50689214]
2024_05_26_18_12_31_49 [-0.5347257, -2.5412507, 0.1520499, -2.2099075, -0.7567473, 0.6226585]
2024_05_26_18_12_32_50 [-0.5386024, -2.5736327, 0.15204997, -1.9633099, -0.6405574, 0.6699164]
2024_05_26_18_12_34_51 [-0.5431247, -2.611412, 0.15204991, -1.7064407, -0.49888268, 0.67839557]
2024_05_26_18_12_35_52 [-0.54829305, -2.6545882, 0.1520499, -1.4333886, -0.34058887, 0.64066917]
2024_05_26_18_12_37_53 [-0.55216974, -2.6869705, 0.15196961, -1.2328522, -0.23106787, 0.585389]
2024_05_26_18_12_38_54 [-0.55669254, -2.7247498, 0.15204641, -0.99620235, -0.11979502, 0.4959876]
2024_05_26_18_12_39_55 [-0.5618608, -2.767926, 0.15204985, -0.7169847, -0.022533193, 0.366072]
2024_05_26_18_12_41_56 [-0.56638294, -2.8057053, 0.15194954, -0.46421736, 0.02976259, 0.23419592]
2024_05_26_18_12_42_57 [-0.57025903, -2.8380876, 0.15204304, -0.2434452, 0.04678931, 0.11363024]
2024_05_26_18_12_44_58 [-0.5754272, -2.8812637, 0.15204976, 0.051048964, 0.027774053, -0.047348946]
2024_05_26_18_12_45_59 [-0.57994926, -2.919043, 0.15204993, 0.30343404, -0.0263448, -0.17848751]
2024_05_26_18_12_47_60 [-0.5864085, -2.9730134, 0.15204994, 0.65024245, -0.15531203, -0.33482584]
2024_05_26_18_12_48_61 [-0.590284, -3.0053957, 0.15204991, 0.8519441, -0.25535494, -0.40559742]
2024_05_26_18_12_50_62 [-0.59415954, -3.0377781, 0.15199861, 1.0526595, -0.3672148, -0.45592067]
2024_05_26_18_12_51_63 [-0.59868103, -3.0755575, 0.15204774, 1.2927802, -0.50667024, -0.48461512]
2024_05_26_18_12_53_64 [-0.6044935, -3.1241322, 0.15204996, 1.6304563, -0.68775225, -0.461696]
2024_05_26_18_12_54_65 [-0.6090143, -3.1619139, 0.15204997, 1.9378304, -0.81695634, -0.38128483]
2024_05_26_18_12_55_66 [-0.61353505, -3.1996958, 0.15204994, 2.3064091, -0.9195485, -0.22924472]
2024_05_26_18_12_57_67 [-0.61741006, -3.232078, 0.15196966, 2.6755702, -0.97124696, -0.040774796]
2024_05_26_18_12_58_68 [-0.62257665, -3.2752545, 0.1520477, -3.0815053, -0.96950793, 0.24658781]
2024_05_26_18_13_00_69 [-0.6277429, -3.3184307, 0.15204987, -2.603244, -0.88954175, 0.48282766]
2024_05_26_18_13_01_70 [-0.63226366, -3.35621, 0.15204997, -2.256887, -0.77606004, 0.6096848]
2024_05_26_18_13_03_71 [-0.6361386, -3.3885922, 0.1520499, -2.0045362, -0.6615813, 0.66454685]
2024_05_26_18_13_04_72 [-0.64065945, -3.4263713, 0.15204993, -1.7436868, -0.5202999, 0.67985237]
2024_05_26_18_13_05_73 [-0.645826, -3.4695477, 0.15201704, -1.4687555, -0.36086586, 0.6481603]
2024_05_26_18_13_07_74 [-0.64970064, -3.5019298, 0.15204772, -1.2680995, -0.2495411, 0.59664965]
2024_05_26_18_13_08_75 [-0.6542208, -3.539709, 0.15204985, -1.0321971, -0.13520136, 0.5110694]
2024_05_26_18_13_09_76 [-0.65809524, -3.5720913, 0.15204997, -0.8248264, -0.05537565, 0.41880152]
2024_05_26_18_13_11_77 [-0.66261536, -3.6098733, 0.15204993, -0.5753085, 0.011036956, 0.29340568]
2024_05_26_18_13_12_78 [-0.66713506, -3.6476579, 0.15204999, -0.31920382, 0.04394363, 0.15536758]
2024_05_26_18_13_13_79 [-0.6716545, -3.6854424, 0.15204997, -0.060890812, 0.040608842, 0.013430393]
2024_05_26_18_13_15_80 [-0.676174, -3.723227, 0.15204993, 0.1942771, 0.0013181291, -0.122907594]
2024_05_26_18_13_16_81 [-0.68069345, -3.7610116, 0.15194955, 0.44233245, -0.07070444, -0.24521244]
2024_05_26_18_13_18_82 [-0.6852127, -3.7987962, 0.15204558, 0.68236536, -0.17013346, -0.34716377]
2024_05_26_18_13_19_83 [-0.6903772, -3.8419785, 0.15204987, 0.9504427, -0.30908123, -0.43295062]
2024_05_26_18_13_21_84 [-0.69425046, -3.8743653, 0.15192439, 1.1525054, -0.42512295, -0.47217375]
2024_05_26_18_13_22_85 [-0.6994148, -3.9175477, 0.15204644, 1.4353089, -0.5867821, -0.48388857]
2024_05_26_18_13_23_86 [-0.7039336, -3.9553323, 0.15204987, 1.7110516, -0.72535926, -0.445568]
2024_05_26_18_13_25_87 [-0.70780736, -3.987719, 0.15204997, 1.9838465, -0.83277845, -0.36511013]
2024_05_26_18_13_26_88 [-0.71361744, -4.036299, 0.15194954, 2.482418, -0.95000046, -0.1424197]
2024_05_26_18_13_28_89 [-0.71749073, -4.068686, 0.1520431, 2.8691843, -0.9805253, 0.06480668]
2024_05_26_18_13_29_90 [-0.72265506, -4.1118684, 0.1520497, -2.8956723, -0.9480327, 0.3439003]
2024_05_26_18_13_31_91 [-0.7265283, -4.144255, 0.15204996, -2.552356, -0.87604916, 0.5044593]
2024_05_26_18_13_32_92 [-0.7310471, -4.1820397, 0.15201706, -2.2145824, -0.7587471, 0.6213704]
2024_05_26_18_13_33_93 [-0.73556536, -4.2198243, 0.15204854, -1.9289662, -0.6226867, 0.6735214]
2024_05_26_18_13_35_94 [-0.740729, -4.2630067, 0.15204993, -1.6404189, -0.46070826, 0.6736081]
2024_05_26_18_13_36_95 [-0.74524707, -4.3007913, 0.15204993, -1.4033504, -0.3236954, 0.6338277]
2024_05_26_18_13_38_96 [-0.74911976, -4.333178, 0.15204994, -1.2027682, -0.21581034, 0.57543224]
2024_05_26_18_13_39_97 [-0.7536379, -4.3709626, 0.15185378, -0.9653754, -0.10725626, 0.48287344]
2024_05_26_18_13_40_98 [-0.7581554, -4.408747, 0.15204133, -0.7205904, -0.023647783, 0.36800665]
2024_05_26_18_13_42_99 [-0.76267284, -4.446532, 0.15204953, -0.46791425, 0.029149834, 0.2363361]
2024_05_26_18_13_43_100 [-0.76719034, -4.4843163, 0.15204994, -0.2102335, 0.04695369, 0.095507115]
2024_05_26_18_13_44_101 [-0.7717078, -4.522101, 0.15180479, 0.04737996, 0.028251989, -0.045203056]
2024_05_26_18_13_46_102 [-0.7762252, -4.5598855, 0.15203921, 0.2998839, -0.02536881, -0.17654033]
