2024_05_26_18_11_23_0 [4.5783E-41, -5.6336227E14, 4.5783E-41, 4.5783E-41, -5.6336227E14, 4.5783E-41]
2024_05_26_18_11_24_1 [-0.37500006, -1.2249997, 0.15204997, 2.3894632, 0.09189567, -0.90365237]
2024_05_26_18_11_25_2 [-0.6646674, 0.66595256, 0.15204981, -2.991366, -0.16858953, -0.73310274]
2024_05_26_18_11_27_3 [-0.6384095, 0.5517405, 0.15204974, -2.174713, -0.20354964, -0.46166483]
2024_05_26_18_11_28_4 [-0.60777533, 0.41849318, 0.15204978, -1.2560612, 0.0066764257, -0.23089746]
2024_05_26_18_11_29_5 [-0.57714057, 0.28524548, 0.15204956, -0.3564052, 0.31679934, -0.25488257]
2024_05_26_18_11_31_6 [-0.5465057, 0.15199775, 0.15204969, 0.65226555, 0.4779515, -0.54400456]
2024_05_26_18_11_32_7 [-0.5158708, 0.018749828, 0.1520497, 1.6683332, 0.33531052, -0.8455001]
2024_05_26_18_11_34_8 [-0.48523584, -0.11449826, 0.15204959, 2.572028, 0.027229663, -0.88903946]
2024_05_26_18_11_35_9 [-0.4589768, -0.22871098, 0.15185381, -2.9317636, -0.17853166, -0.7149708]
2024_05_26_18_11_36_10 [-0.43271774, -0.34292367, 0.15203628, -2.1142812, -0.19733062, -0.4417942]
2024_05_26_18_11_38_11 [-0.4020822, -0.47617182, 0.15204918, -1.1996937, 0.025915066, -0.22398156]
2024_05_26_18_11_39_12 [-0.36707005, -0.6284555, 0.15204987, -0.15906426, 0.3705711, -0.29607883]
2024_05_26_18_11_40_13 [-0.33643484, -0.761704, 0.15194948, 0.86979014, 0.47312516, -0.61838734]
2024_05_26_18_11_42_14 [-0.31017607, -0.87591714, 0.15204291, 1.7285185, 0.31800082, -0.85699093]
2024_05_26_18_11_43_15 [-0.27824584, -0.9594134, 0.16085856, 2.300754, -0.02325506, -0.9211532]
2024_05_26_18_11_45_16 [-0.21795173, -1.0201905, 0.1512572, 2.785686, -0.6789121, -0.7634256]
2024_05_26_18_11_46_17 [-0.16915622, -1.0676093, 0.15201515, -2.7182312, -1.0019783, -0.16657859]
2024_05_26_18_11_47_18 [-0.12036057, -1.1150283, 0.15204826, -1.6982533, -0.8747132, 0.67834085]
2024_05_26_18_11_49_19 [-0.07853558, -1.1556731, 0.15204976, -1.2206359, -0.5113002, 0.988415]
2024_05_26_18_11_50_20 [-0.022768829, -1.2098663, 0.15192439, -0.8283146, 0.05734415, 1.0766397]
2024_05_26_18_11_52_21 [0.026027208, -1.2572852, 0.15204442, -0.4696366, 0.54913217, 0.9608959]
2024_05_26_18_11_53_22 [0.07482334, -1.3047042, 0.1520497, 0.16624734, 0.9357248, 0.510752]
2024_05_26_18_11_54_23 [0.11664875, -1.3453491, 0.15204984, 1.0694637, 0.97289604, -0.24664162]
2024_05_26_18_11_56_24 [0.16544518, -1.392768, 0.15204997, 1.789202, 0.62600696, -0.78550863]
2024_05_26_18_11_57_25 [0.21424107, -1.4401871, 0.15204985, 2.1714835, 0.14213304, -0.93883115]
2024_05_26_18_11_59_26 [0.27000785, -1.4943802, 0.15199849, 2.5509968, -0.43048355, -0.88620627]
2024_05_26_18_12_00_27 [0.31183314, -1.5350258, 0.15204626, 2.9756932, -0.8134277, -0.635291]
2024_05_26_18_12_01_28 [0.36062932, -1.5824453, 0.15204985, -2.3543203, -1.0174102, 0.1411488]
2024_05_26_18_12_03_29 [0.40942582, -1.6298647, 0.15204975, -1.4812454, -0.75082105, 0.8351685]
2024_05_26_18_12_04_30 [0.4651936, -1.6840578, 0.15204982, -0.99859476, -0.21163903, 1.0655643]
2024_05_26_18_12_06_31 [0.5209614, -1.738251, 0.1520498, -0.6242457, 0.36226398, 1.0309564]
2024_05_26_18_12_07_32 [0.5697583, -1.7856705, 0.1519696, -0.14017147, 0.810172, 0.7483772]
2024_05_26_18_12_09_33 [0.6185552, -1.8330911, 0.15204623, 0.80676645, 1.00269, -0.025902776]
2024_05_26_18_12_10_34 [0.67432374, -1.887286, 0.15204997, 1.7368923, 0.67206687, -0.75343937]
2024_05_26_18_12_12_35 [0.7231213, -1.9347074, 0.15204982, 2.137537, 0.19444826, -0.93270195]
2024_05_26_18_12_13_36 [0.7719188, -1.9821291, 0.15204987, 2.4614482, -0.30906078, -0.9176189]
2024_05_26_18_12_15_37 [0.8137454, -2.0227761, 0.1520499, 2.8268743, -0.7125409, -0.73734146]
2024_05_26_18_12_16_38 [0.86951476, -2.0769725, 0.15204991, -2.4726217, -1.0189629, 0.04085446]
2024_05_26_18_12_17_39 [0.9183129, -2.124394, 0.15204982, -1.5448085, -0.79303265, 0.79124033]
2024_05_26_18_12_19_40 [0.9810535, -2.1853647, 0.15204981, -0.98585415, -0.19215916, 1.0679526]
2024_05_26_18_12_20_41 [1.0298517, -2.2327864, 0.1520499, -0.66133887, 0.3109973, 1.0436351]
2024_05_26_18_12_22_42 [1.0786498, -2.280208, 0.15204997, -0.20724355, 0.7698453, 0.7964654]
2024_05_26_18_12_23_43 [1.1204768, -2.3208551, 0.15204994, 0.5332604, 0.9991051, 0.20581429]
2024_05_26_18_12_25_44 [1.169275, -2.3682768, 0.15204987, 1.501608, 0.8293555, -0.59043366]
2024_05_26_18_12_26_45 [1.2250444, -2.422473, 0.15204987, 2.053749, 0.31743583, -0.910427]
2024_05_26_18_12_27_46 [1.2668713, -2.46312, 0.15204993, 2.3324583, -0.113623686, -0.94324654]
2024_05_26_18_12_29_47 [1.3156695, -2.5105417, 0.15204981, 2.7028406, -0.6026542, -0.81233376]
2024_05_26_18_12_30_48 [1.3644677, -2.5579634, 0.1520499, -2.8931928, -0.9715041, -0.31201282]
2024_05_26_18_12_32_49 [1.413266, -2.605385, 0.15204993, -1.8364024, -0.9283847, 0.5705309]
2024_05_26_18_12_33_50 [1.462064, -2.6528068, 0.15202877, -1.2316198, -0.523888, 0.98303926]
2024_05_26_18_12_34_51 [1.5108626, -2.7002282, 0.15204886, -0.88184744, -0.028303945, 1.0780805]
2024_05_26_18_12_36_52 [1.5526907, -2.7408755, 0.15204982, -0.5955472, 0.40024206, 1.0199362]
2024_05_26_18_12_37_53 [1.6014903, -2.7882972, 0.15204981, -0.08626828, 0.838706, 0.7084663]
2024_05_26_18_12_38_54 [1.6502898, -2.8357186, 0.15204991, 0.8919502, 0.9967558, -0.09790244]
2024_05_26_18_12_40_55 [1.7060606, -2.889915, 0.15192433, 1.7763333, 0.637751, -0.7777858]
2024_05_26_18_12_41_56 [1.7548602, -2.9373364, 0.15204436, 2.162987, 0.15534514, -0.93745404]
2024_05_26_18_12_42_57 [1.7966883, -2.9779837, 0.15204963, 2.4391313, -0.27671805, -0.92380726]
2024_05_26_18_12_44_58 [1.8454878, -3.0254054, 0.15204993, 2.8707972, -0.7455072, -0.7084192]
2024_05_26_18_12_45_59 [1.9012587, -3.0796015, 0.15203644, -2.3839772, -1.018373, 0.11598646]
2024_05_26_18_12_47_60 [1.9500582, -3.1270232, 0.15204932, -1.4967186, -0.7616029, 0.8246182]
2024_05_26_18_12_48_61 [1.9988577, -3.1744456, 0.15204981, -1.0554479, -0.29609045, 1.0519272]
2024_05_26_18_12_50_62 [2.040686, -3.215094, 0.15204993, -0.77857196, 0.13576579, 1.0711614]
2024_05_26_18_12_51_63 [2.0894854, -3.2625184, 0.1519244, -0.39828032, 0.6203281, 0.92081636]
2024_05_26_18_12_52_64 [2.138285, -3.3099427, 0.15204436, 0.31492668, 0.9705173, 0.3888168]
2024_05_26_18_12_54_65 [2.1940558, -3.364142, 0.15204972, 1.455048, 0.8524007, -0.55545783]
2024_05_26_18_12_55_66 [2.235884, -3.4047914, 0.15204987, 1.9216075, 0.48772535, -0.85694456]
2024_05_26_18_12_57_67 [2.3055975, -3.4725404, 0.15204993, 2.4042728, -0.22483005, -0.93204266]
2024_05_26_18_12_58_68 [2.3474257, -3.5131898, 0.15192448, 2.7398727, -0.6382003, -0.7911343]
2024_05_26_18_13_00_69 [2.4031966, -3.567389, 0.15204635, -2.6620722, -1.0083652, -0.11944184]
2024_05_26_18_13_01_70 [2.451996, -3.6148133, 0.15204981, -1.6597326, -0.85666674, 0.7073878]
2024_05_26_18_13_03_71 [2.4938242, -3.6554627, 0.15204999, -1.1995124, -0.48666444, 0.9982385]
2024_05_26_18_13_04_72 [2.5426238, -3.702887, 0.15204982, -0.85709405, 0.011234729, 1.0779544]
2024_05_26_18_13_06_73 [2.605366, -3.7638612, 0.15204993, -0.37915948, 0.6378592, 0.909407]
2024_05_26_18_13_07_74 [2.6541655, -3.8112855, 0.15204994, 0.3546103, 0.97755456, 0.35583767]
2024_05_26_18_13_08_75 [2.7029653, -3.8587098, 0.15200882, 1.3754297, 0.8868493, -0.49416417]
2024_05_26_18_13_10_76 [2.7447956, -3.8993592, 0.1520472, 1.8781905, 0.5366122, -0.8352256]
2024_05_26_18_13_11_77 [2.7935977, -3.9467835, 0.15204985, 2.233774, 0.04376184, -0.9454142]
2024_05_26_18_13_12_78 [2.8354282, -3.987433, 0.15204991, 2.5171213, -0.38616544, -0.89929837]
2024_05_26_18_13_14_79 [2.8842304, -4.0348573, 0.1520235, 3.011059, -0.833182, -0.60960114]
2024_05_26_18_13_15_80 [2.9330325, -4.0822816, 0.15204874, -2.2955024, -1.0142927, 0.1908743]
2024_05_26_18_13_16_81 [2.981835, -4.129706, 0.15204984, -1.451196, -0.7289256, 0.8551506]
2024_05_26_18_13_18_82 [3.0376086, -4.183905, 0.15204981, -0.98138756, -0.18538277, 1.0686882]
2024_05_26_18_13_19_83 [3.086411, -4.2313294, 0.1520498, -0.65652406, 0.31767657, 1.0420638]
2024_05_26_18_13_21_84 [3.1352131, -4.2787538, 0.1520499, -0.1987236, 0.7752091, 0.7904573]
2024_05_26_18_13_22_85 [3.1840153, -4.326178, 0.15204987, 0.70643246, 1.0052983, 0.059147198]
2024_05_26_18_13_24_86 [3.2328174, -4.3736024, 0.15198568, 1.6046021, 0.7695671, -0.6649682]
2024_05_26_18_13_25_87 [3.2816195, -4.4210267, 0.15204719, 2.0585523, 0.31064633, -0.91194516]
2024_05_26_18_13_26_88 [3.330422, -4.468451, 0.15204981, 2.383076, -0.19253133, -0.93615305]
2024_05_26_18_13_28_89 [3.3722522, -4.5091004, 0.15204997, 2.7092438, -0.6089639, -0.80874455]
2024_05_26_18_13_29_90 [3.4280262, -4.5632997, 0.15204987, -2.7319264, -1.0001872, -0.1781199]
2024_05_26_18_13_31_91 [3.4698567, -4.603949, 0.15201691, -1.8243731, -0.92437446, 0.58006775]
2024_05_26_18_13_32_92 [3.5256305, -4.6581483, 0.15204895, -1.1684904, -0.44883546, 1.0119107]
2024_05_26_18_13_33_93 [3.5744328, -4.7055726, 0.1520499, -0.8321863, 0.0509717, 1.076869]
2024_05_26_18_13_35_94 [3.623235, -4.752997, 0.15204988, -0.4749421, 0.5432792, 0.96371245]
2024_05_26_18_13_36_95 [3.6720371, -4.800421, 0.15189311, 0.15517719, 0.9324456, 0.5197509]
2024_05_26_18_13_38_96 [3.7138677, -4.8410707, 0.15203916, 1.0570304, 0.97504616, -0.2362419]
2024_05_26_18_13_39_97 [3.7626698, -4.888495, 0.15204947, 1.7832497, 0.6314457, -0.7818944]
2024_05_26_18_13_40_98 [3.811472, -4.9359193, 0.15204993, 2.1675766, 0.14823015, -0.93816787]
2024_05_26_18_13_42_99 [3.860274, -4.9833436, 0.15204987, 2.4939022, -0.3546128, -0.90741307]
2024_05_26_18_13_43_100 [3.9090762, -5.030768, 0.15204982, 2.9678206, -0.8087879, -0.6409667]
2024_05_26_18_13_44_101 [3.9509068, -5.0714173, 0.15204993, -2.5301466, -1.0174685, -0.007949268]
2024_05_26_18_13_46_102 [3.999709, -5.1188416, 0.15194944, -1.5776379, -0.81281936, 0.7677749]
